92 11 27 23 27 53 97 87 77 24
44 8 19 57 66 79 87 94 77 76
96 60 60 49 70 32 50 28 61 89
76 5 52 4 28 80 9 77 19 39
1 64 47 73 73 65 52 12 12 29
88 8 42 48 9 64 32 60 93 45
1 21 50 54 25 30 86 87 59 5
26 61 21 25 86 47 91 38 59 3
20 48 63 14 48 73 78 33 85 71
78 86 93 81 92 70 63 78 9 23

36 35 36 57 61 22 4 4 12 16
59 84 16 22 98 64 95 29 49 80
0 80 19 45 13 11 68 76 42 77
51 78 65 87 35 78 61 92 82 26
8 93 10 24 15 61 40 63 90 42
95 42 22 14 88 35 78 8 11 20
85 63 98 2 2 85 80 64 77 14
42 37 7 52 13 75 13 54 38 55
96 33 98 70 0 86 5 78 46 68
98 83 31 96 86 86 81 66 2 11
